function mpc = npcc
%NPCC

%% MATPOWER Case Format : Version 2
mpc.version = '2';

%%-----  Power Flow Data  -----%%
%% system MVA base
mpc.baseMVA = 100;

%% bus data
%	bus_i	type	Pd	Qd	Gs	Bs	area	Vm	Va	baseKV	zone	Vmax	Vmin
mpc.bus = [
	1	1	0	0	0	0	1	1.01517	4.8434	345	1	1.1	0.9;
	2	1	0	0	0	0	1	1.0109	4.0566	345	1	1.1	0.9;
	3	1	11.1796635	88	0	0	1	0.9917	4.0069	115	1	1.1	0.9;
	4	1	0	0	0	0	1	1.01125	4.1005	345	1	1.1	0.9;
	5	1	0	0	0	0	1	1.00618	2.3527	345	1	1.1	0.9;
	6	1	397.499146	153	0	0	1	1.00594	1.8603	345	1	1.1	0.9;
	7	1	408.678809	32	0	0	1	1.02071	3.2654	345	1	1.1	0.9;
	8	1	0	0	0	0	1	1.02151	1.9975	115	1	1.1	0.9;
	9	1	196.265203	30	0	0	1	1.01811	1.0727	115	1	1.1	0.9;
	10	1	0	0	0	0	1	1.0306	8.0176	115	1	1.1	0.9;
	11	1	844.685684	103	0	0	1	1.01169	6.7075	115	1	1.1	0.9;
	12	1	340.358643	115	0	0	1	1.02371	5.9431	115	1	1.1	0.9;
	13	1	0	0	0	0	1	1.04565	10.6737	345	1	1.1	0.9;
	14	1	308.061838	85	0	0	1	1.0395	10.3866	345	1	1.1	0.9;
	15	1	383.835112	-92	0	0	1	1.02697	3.4395	345	1	1.1	0.9;
	16	1	224	47	0	0	1	1.04108	4.4713	345	1	1.1	0.9;
	17	1	172.663691	17	0	0	1	1.04016	3.2759	345	1	1.1	0.9;
	18	1	349.053937	76	0	0	1	1.0257	1.5065	115	1	1.1	0.9;
	19	1	255.890075	28	0	0	1	1.04132	6.4689	345	1	1.1	0.9;
	20	1	352.780492	27	0	0	1	1.04211	9.1477	345	1	1.1	0.9;
	21	2	0	0	0	0	1	1.0486	11.8582	24	1	1.1	0.9;
	22	2	0	0	0	0	1	1.0593	12.6562	18	1	1.1	0.9;
	23	2	0	0	0	0	1	1.0157	11.7526	20	1	1.1	0.9;
	24	2	0	0	0	0	1	1.07625	15.7768	22.8	1	1.1	0.9;
	25	2	0	0	0	0	1	1.06	18.3042	20	1	1.1	0.9;
	26	2	0	0	0	0	1	1.0455	15.7134	20	1	1.1	0.9;
	27	2	0	0	0	0	1	1.0455	11.069	22	1	1.1	0.9;
	28	1	0	0	0	0	1	1.02751	3.2234	13.8	1	1.1	0.9;
	29	1	0	0	0	0	1	1.02751	3.2234	345	1	1.1	0.9;
	30	1	399.983515	2	0	0	1	1.01622	0.7209	345	1	1.1	0.9;
	31	1	621.092415	184	0	0	1	0.99761	0.3966	345	1	1.1	0.9;
	32	1	0	0	0	0	1	1.00329	1.845	345	1	1.1	0.9;
	33	1	0	0	0	0	1	1.00627	2.5437	345	1	1.1	0.9;
	34	1	290.67125	84	0	0	1	0.99603	0.4986	345	1	1.1	0.9;
	35	1	648.420481	177	0	0	1	0.99524	0.0743	345	1	1.1	0.9;
	36	2	11.1796635	5	0	0	1	1.0486	9.963	345	1	1.1	0.9;
	37	1	0	0	0	0	2	1.04419	4.6062	345	1	1.1	0.9;
	38	1	0	0	0	0	2	1.0421	6.9752	345	1	1.1	0.9;
	39	1	0	0	0	0	2	1.041	3.2739	345	1	1.1	0.9;
	40	1	0	0	0	0	2	1.03072	0.5762	230	1	1.1	0.9;
	41	1	809.143671	125	0	0	2	1.02634	-3.3709	115	1	1.1	0.9;
	42	2	204.597757	17	0	0	2	1.04	-2.5665	115	1	1.1	0.9;
	43	1	0	0	0	0	2	1.04908	8.343	345	1	1.1	0.9;
	44	1	0	0	0	0	2	1.04792	6.5696	230	1	1.1	0.9;
	45	1	295.9154	17	0	0	2	1.04349	3.9472	115	1	1.1	0.9;
	46	1	26.5861492	-42.5	0	0	2	1.04781	6.185	115	1	1.1	0.9;
	47	2	610.325512	100	0	0	2	1.03	11.6793	230	1	1.1	0.9;
	48	2	0	0	0	0	2	1.05	15.0127	230	1	1.1	0.9;
	49	1	240.431262	17	0	0	2	0.96523	-1.1162	115	1	1.1	0.9;
	50	2	0	0	0	0	2	1.05	13.2144	345	1	1.1	0.9;
	51	2	844.977176	75	0	0	2	1.04	8.5283	115	1	1.1	0.9;
	52	1	0	0	0	0	2	1.04193	19.413	345	1	1.1	0.9;
	53	2	1066.91373	250	0	0	2	1.03	18.0053	115	1	1.1	0.9;
	54	2	20	0	0	0	2	1.0408	26.9321	230	1	1.1	0.9;
	55	2	939	132	0	0	2	1.04	26.2095	230	1	1.1	0.9;
	56	2	198.818159	44	0	0	2	1.03	26.8995	230	1	1.1	0.9;
	57	2	277.420687	-6	0	0	2	1.03	25.7233	115	1	1.1	0.9;
	58	1	97.0972405	38	0	0	2	1.0101	24.5883	230	1	1.1	0.9;
	59	1	814.923268	198	0	0	2	0.99669	22.1857	115	1	1.1	0.9;
	60	2	0	0	0	0	2	1.04	30.2181	230	1	1.1	0.9;
	61	2	273.952928	8	0	0	2	1.04	26.727	115	1	1.1	0.9;
	62	1	0	0	0	0	2	1.01628	23.9633	230	1	1.1	0.9;
	63	1	0	0	0	0	2	1.00548	17.6467	230	1	1.1	0.9;
	64	1	165.296493	25	0	0	2	1.00715	14.5476	115	1	1.1	0.9;
	65	2	105.188677	0	0	0	2	1.04	15.7558	115	1	1.1	0.9;
	66	1	0	0	0	0	2	1.01975	20.8736	345	1	1.1	0.9;
	67	1	0	0	0	0	2	1.00265	16.6813	230	1	1.1	0.9;
	68	2	243.899021	41	0	0	2	0.99	12.7432	115	1	1.1	0.9;
	69	1	0	0	0	0	2	1.01948	14.3356	345	1	1.1	0.9;
	70	1	0	0	0	0	2	0.99894	13.5662	230	1	1.1	0.9;
	71	2	428.846145	53	0	0	2	1	11.1142	115	1	1.1	0.9;
	72	2	0	0	0	0	2	1.05	10.1183	115	1	1.1	0.9;
	73	1	0	0	0	0	3	1.03292	1.6376	345	1	1.1	0.9;
	74	1	117.903792	0	0	0	3	1.02708	0.2979	345	1	1.1	0.9;
	75	1	0	0	0	0	3	1.04944	1.2631	138	1	1.1	0.9;
	76	1	0	0	0	0	3	1.04639	0.7974	345	1	1.1	0.9;
	77	1	0	0	0	0	3	1.03539	0.5458	345	1	1.1	0.9;
	78	3	2311.83906	600	0	0	3	1.02	0	345	1	1.1	0.9;
	79	2	0	0	0	0	3	1.05	8.1715	22	1	1.1	0.9;
	80	2	809.143671	25	0	0	3	1.0232	0.6309	138	1	1.1	0.9;
	81	1	0	0	0	0	3	1.02198	-3.2846	345	1	1.1	0.9;
	82	2	0	0	0	0	3	1.05	7.568	22	1	1.1	0.9;
	83	1	80	16	0	0	4	0.95576	22.9842	220	1	1.1	0.9;
	84	1	0	0	0	0	4	0.96323	23.4874	118.1	1	1.1	0.9;
	85	1	18	0	0	0	4	0.99128	36.4486	220	1	1.1	0.9;
	86	2	50	25	0	0	4	1	41.7274	24	1	1.1	0.9;
	87	1	0	0	0	0	4	1.01813	33.652	220	1	1.1	0.9;
	88	1	110	55	0	0	4	0.97335	32.8563	220	1	1.1	0.9;
	89	1	100	70	0	0	4	0.95584	30.2514	220	1	1.1	0.9;
	90	1	115	45	0	0	4	0.95411	30.102	220	1	1.1	0.9;
	91	2	1650	500	0	0	4	1.04	11.2134	220	1	1.1	0.9;
	92	2	10	320	0	0	4	1.04	18.6819	500	1	1.1	0.9;
	93	1	125	0	0	0	4	0.96211	7.5454	220	1	1.1	0.9;
	94	1	95	0	0	0	4	0.95948	7.7792	220	1	1.1	0.9;
	95	1	-100	87	0	0	4	0.97264	14.6338	220	1	1.1	0.9;
	96	1	-40	-25	0	0	4	1.02323	15.2006	13.8	1	1.1	0.9;
	97	2	910	50	0	0	4	1.04	14.0482	220	1	1.1	0.9;
	98	2	0	0	0	0	4	1.04	31.9721	220	1	1.1	0.9;
	99	1	0	0	0	0	4	1.03842	31.3229	220	1	1.1	0.9;
	100	1	0	0	0	0	4	1.03248	26.3181	220	1	1.1	0.9;
	101	2	350	130	0	0	4	1.05	24.3484	220	1	1.1	0.9;
	102	1	0	0	0	0	4	1.0455	25.5246	220	1	1.1	0.9;
	103	1	0	0	0	0	4	1.04629	25.3162	220	1	1.1	0.9;
	104	1	200	90	0	0	4	0.99699	13.174	220	1	1.1	0.9;
	105	1	325	0	0	0	4	0.97457	24.1225	220	1	1.1	0.9;
	106	1	0	-12	0	0	4	0.99289	14.5859	220	1	1.1	0.9;
	107	1	0	-19	0	0	4	1.00616	15.9332	220	1	1.1	0.9;
	108	1	0	-13	0	0	4	1.00033	13.9155	220	1	1.1	0.9;
	109	1	0	-13	0	0	4	1.00029	13.891	220	1	1.1	0.9;
	110	1	718	125	0	0	4	1.00281	12.4399	220	1	1.1	0.9;
	111	1	399	45	0	0	4	0.96194	10.0383	220	1	1.1	0.9;
	112	1	0	0	0	0	4	0.97541	29.6056	220	1	1.1	0.9;
	113	1	206	0	0	0	4	0.9523	22.4473	118.1	1	1.1	0.9;
	114	1	0	90	0	0	5	0.95972	30.6392	220	1	1.1	0.9;
	115	2	100	0	0	0	5	1.02	33.4478	500	1	1.1	0.9;
	116	1	200	0	0	0	5	0.99338	26.85	220	1	1.1	0.9;
	117	1	400	97	0	0	5	1.00506	30.8651	230	1	1.1	0.9;
	118	1	280	86	0	0	5	0.99857	31.7891	115	1	1.1	0.9;
	119	2	750	200	0	0	5	1	30.2408	220	1	1.1	0.9;
	120	2	946	-40	0	0	5	1.02	26.6696	220	1	1.1	0.9;
	121	2	0	0	0	0	5	1.04	32.8926	220	1	1.1	0.9;
	122	2	0	0	0	0	5	1.05	32.3212	220	1	1.1	0.9;
	123	2	63	10	0	0	5	1.01	37.6123	230	1	1.1	0.9;
	124	1	370	49	0	0	6	1.04471	2.3841	230	1	1.1	0.9;
	125	1	320	5	0	0	6	1.02196	-3.416	230	1	1.1	0.9;
	126	1	450	0	0	0	6	1.02261	-5.3945	230	1	1.1	0.9;
	127	1	200	-150	0	0	6	1.04853	6.552	500	1	1.1	0.9;
	128	1	1121.24194	-102	0	0	6	1.03926	2.7377	500	1	1.1	0.9;
	129	1	610	-50	0	0	6	1.02303	8.9401	500	1	1.1	0.9;
	130	2	180	0	0	0	6	1.02	12.1966	500	1	1.1	0.9;
	131	1	1160	-432	0	0	6	1.02604	13.4125	500	1	1.1	0.9;
	132	1	210	-337	0	0	6	1.03978	19.5565	500	1	1.1	0.9;
	133	2	0	0	0	0	6	1.02	34.348	500	1	1.1	0.9;
	134	2	0	0	0	0	6	1.03	25.5764	230	1	1.1	0.9;
	135	2	170	0	0	0	6	1.02	35.0063	500	1	1.1	0.9;
	136	1	270	223	0	0	6	1.00058	19.7176	345	1	1.1	0.9;
	137	2	0	0	0	0	6	1.04	20.3245	230	1	1.1	0.9;
	138	1	110	64	0	0	6	0.97073	13.5527	230	1	1.1	0.9;
	139	2	0	0	0	0	6	1.01	29.378	345	1	1.1	0.9;
	140	1	0	0	0	0	6	1.04132	30.2102	230	1	1.1	0.9;
];

%% generator data
%	bus	Pg	Qg	Qmax	Qmin	Vg	mBase	status	Pmax	Pmin	Pc1	Pc2	Qc1min	Qc1max	Qc2min	Qc2max	ramp_agc	ramp_10	ramp_30	ramp_q	apf
