function mpc = WECC
%WECC

%% MATPOWER Case Format : Version 2
mpc.version = '2';

%%-----  Power Flow Data  -----%%
%% system MVA base
mpc.baseMVA = 100;

%% bus data
%	bus_i	type	Pd	Qd	Gs	Bs	area	Vm	Va	baseKV	zone	Vmax	Vmin
mpc.bus = [
	1	1	1122.66077	-56	0	0	1	0.97947	-26.1745	500	1	1.1	0.9;
	2	1	0	0	0	0	1	0.97744	-16.9603	345	1	1.1	0.9;
	3	2	64.1520439	0	0	0	1	1.04	-19.6589	20	1	1.1	0.9;
	4	1	789.107598	-127	0	0	1	0.97518	16.2755	345	1	1.1	0.9;
	5	2	33.5790467	0	0	0	1	0.95	23.5536	22	1	1.1	0.9;
	6	1	0	0	0	-113	1	1.06814	-7.9038	500	1	1.1	0.9;
	7	1	153.323385	-56	0	-155	1	1.00914	-4.6874	345	1	1.1	0.9;
	8	2	64.1520439	0	0	0	1	1	2.2301	22	1	1.1	0.9;
	9	1	89.6204053	23.8	0	0	1	1.00726	-5.2308	230	1	1.1	0.9;
	10	2	33.5790467	0	0	0	1	1	33.7299	20	1	1.1	0.9;
	11	1	57.7368395	70	0	-190	2	1.07205	-23.9351	500	1	1.1	0.9;
	12	2	64.1520439	0	0	0	2	1	-17.8112	26	1	1.1	0.9;
	13	1	0	0	0	-391	2	1.06735	-24.8548	500	1	1.1	0.9;
	14	2	64.1520439	0	0	0	2	0.96	-21.7139	24	1	1.1	0.9;
	15	1	508.982316	207	0	-146	2	1.04856	-29.6406	500	1	1.1	0.9;
	16	1	282.063992	5	0	390	1	1.03559	-3.8744	345	1	1.1	0.9;
	17	2	33.5790467	0	0	0	1	1	-0.8871	22	1	1.1	0.9;
	18	1	395.818111	-69	0	-427	2	1.05593	-29.591	500	1	1.1	0.9;
	19	1	0	0	0	0	2	1.07025	-22.85	500	1	1.1	0.9;
	20	1	0	0	0	0	2	1.06042	-25.9522	500	1	1.1	0.9;
	21	1	0	0	0	0	2	1.04693	-22.1208	500	1	1.1	0.9;
	22	1	0	0	0	0	2	1.02564	-31.4586	500	1	1.1	0.9;
	23	1	0	0	0	0	2	1.05571	-23.3906	500	1	1.1	0.9;
	24	1	0	0	0	0	2	1.04116	-31.0832	500	1	1.1	0.9;
	25	1	0	0	0	0	2	1.05132	-15.5499	500	1	1.1	0.9;
	26	1	0	0	0	0	2	1.04671	-42.3967	500	1	1.1	0.9;
	27	1	0	0	0	0	1	1.06585	-5.7792	500	1	1.1	0.9;
	28	1	0	0	0	0	1	1.06933	-27.9822	500	1	1.1	0.9;
	29	2	0	0	0	0	1	1	24.738	20	1	1.1	0.9;
	30	1	0	1000	0	0	1	1.03634	20.9474	500	1	1.1	0.9;
	31	1	0	0	0	0	1	1.07861	49.237	500	1	1.1	0.9;
	32	1	0	0	0	0	1	0.97855	53.826	230	1	1.1	0.9;
	33	1	0	700	0	0	1	1.00114	62.8749	230	1	1.1	0.9;
	34	2	0	0	0	0	1	1.02	67.7961	20	1	1.1	0.9;
	35	2	33.5790467	0	0	0	1	1.009	2.4615	22	1	1.1	0.9;
	36	1	0	971	0	912	2	1.06032	-42.1554	500	1	1.1	0.9;
	37	1	0	0	0	0	2	1.0809	-46.2256	500	1	1.1	0.9;
	38	1	0	0	0	0	2	1.03195	-47.2901	230	1	1.1	0.9;
	39	2	23.3751258	0	0	0	2	1.02	-45.9803	18	1	1.1	0.9;
	40	1	31.5564199	27	0	0	2	1.02337	-50.9223	230	1	1.1	0.9;
	41	1	0	0	0	0	2	1.03129	-50.652	230	1	1.1	0.9;
	42	2	23.3751258	0	0	0	2	1	-47.3488	18	1	1.1	0.9;
	43	1	689.377829	907.1	0	430	1	1.05257	-4.3661	345	1	1.1	0.9;
	44	2	33.5790467	0	0	0	1	1.05	0.2811	26	1	1.1	0.9;
	45	1	0	-17	0	0	2	1.03475	-47.6289	230	1	1.1	0.9;
	46	2	23.3751258	0	0	0	2	1.02	-47.2682	11.5	1	1.1	0.9;
	47	1	28.2839023	25	0	0	2	1.03402	-47.8387	230	1	1.1	0.9;
	48	1	0	0	0	-80	2	1.07212	-45.4811	500	1	1.1	0.9;
	49	1	74.8004026	65	0	0	2	1.02362	-51.8438	230	1	1.1	0.9;
	50	1	55.4457985	-63.2	0	0	2	1.03256	-51.9003	138	1	1.1	0.9;
	51	1	0	0	0	0	2	1.03663	-50.7167	287	1	1.1	0.9;
	52	1	0	0	0	0	2	1.03663	-50.7167	287	1	1.1	0.9;
	53	1	32.2576736	28	0	0	2	1.02728	-52.1086	230	1	1.1	0.9;
	54	1	188.824266	132.1	0	0	2	1.02516	-50.0567	230	1	1.1	0.9;
	55	1	0	0	0	0	2	1.04304	-47.6632	500	1	1.1	0.9;
	56	1	27.3488972	24	0	0	2	1.02484	-51.8789	230	1	1.1	0.9;
	57	1	28.2839023	25	0	0	2	1.02394	-51.174	230	1	1.1	0.9;
	58	1	207.500992	-6.2	0	0	2	1.03112	-48.9133	230	1	1.1	0.9;
	59	1	0	1654	0	2146	2	1.03832	-47.1488	230	1	1.1	0.9;
	60	1	93.7342546	80.6	0	0	2	1.02073	-48.2552	230	1	1.1	0.9;
	61	1	47.9657582	17.6	0	0	2	1.0293	-49.0304	230	1	1.1	0.9;
	62	1	0	32.2	0	-108	2	1.05209	-44.4925	287	1	1.1	0.9;
	63	1	0	0	0	0	2	1.05866	-42.4751	500	1	1.1	0.9;
	64	2	33.5790467	0	0	0	1	1	56.5947	20	1	1.1	0.9;
	65	1	570.843794	300	0	0	1	1.04928	48.2022	500	1	1.1	0.9;
	66	1	53.7264747	31.25	0	0	1	1.06863	-16.9326	115	1	1.1	0.9;
	67	1	0	160	0	576.85	1	1.06592	-14.5699	230	1	1.1	0.9;
	68	1	0	22	0	0	1	1.08919	-13.3098	500	1	1.1	0.9;
	69	2	33.5790467	0	0	0	1	1.055	-7.94	13.8	1	1.1	0.9;
	70	1	1053.3747	1681	0	792	1	1.06159	-15.076	230	1	1.1	0.9;
	71	1	0	0	0	462	1	1.08964	-13.4178	500	1	1.1	0.9;
	72	1	0	-50	0	0	1	1.07839	-1.3595	500	1	1.1	0.9;
	73	1	0	0	0	0	1	1.07	0.1645	500	1	1.1	0.9;
	74	1	867.682567	394	0	0	1	1.03705	-12.1586	500	1	1.1	0.9;
	75	1	1074.52949	1100	0	1019.35	1	1.08283	-11.123	500	1	1.1	0.9;
	76	3	33.5790467	0	0	0	1	1	0	13.8	1	1.1	0.9;
	77	1	1175.26663	500	0	550	1	1.04947	0.2258	500	1	1.1	0.9;
	78	2	33.5790467	0	0	0	1	1	26.5872	20	1	1.1	0.9;
	79	1	1678.95234	400	0	1200	1	1.04993	12.1085	500	1	1.1	0.9;
	80	1	0	0	0	-220	1	1.05295	-19.5513	500	1	1.1	0.9;
	81	1	0	-97	0	-674	1	1.0674	-17.1477	500	1	1.1	0.9;
	82	1	0	-119	0	-110	1	1.05433	-23.3455	500	1	1.1	0.9;
	83	1	0	0	0	-220	1	1.06195	-5.1981	500	1	1.1	0.9;
	84	1	204.832185	-414	0	-870	1	0.99845	-1.5707	345	1	1.1	0.9;
	85	1	0	0	0	0	1	1.05818	-18.2347	500	1	1.1	0.9;
	86	1	0	0	0	0	1	1.06533	-18.7474	500	1	1.1	0.9;
	87	1	0	0	0	0	1	1.07143	-16.0156	500	1	1.1	0.9;
	88	1	0	0	0	0	1	1.05062	-14.138	500	1	1.1	0.9;
	89	1	0	0	0	0	1	1.06088	-19.8058	500	1	1.1	0.9;
	90	1	0	0	0	0	1	1.07997	-21.7956	500	1	1.1	0.9;
	91	1	0	0	0	0	1	1.06943	-17.2249	500	1	1.1	0.9;
	92	1	0	0	0	0	1	1.0686	-22.4488	500	1	1.1	0.9;
	93	1	0	0	0	0	1	1.0717	-17.8609	500	1	1.1	0.9;
	94	1	0	0	0	0	1	1.07926	-22.0559	500	1	1.1	0.9;
	95	1	0	0	0	0	1	1.06917	-17.2247	500	1	1.1	0.9;
	96	1	0	0	0	0	1	1.06761	-22.7454	500	1	1.1	0.9;
	97	1	0	0	0	0	1	1.07104	-17.8942	500	1	1.1	0.9;
	98	1	0	0	0	0	1	0.97284	8.0442	500	1	1.1	0.9;
	99	1	0	20	0	0	3	1.13097	-34.9741	200	1	1.1	0.9;
	100	1	49.1812647	-77	0	0	3	1.13613	-30.4883	200	1	1.1	0.9;
	101	1	11.6875629	25	0	0	2	1.05298	-46.126	500	1	1.1	0.9;
	102	2	23.3751258	0	0	0	2	0.98	-42.3238	25	1	1.1	0.9;
	103	1	71.2941338	-7.6	0	-91	2	1.04707	-47.682	500	1	1.1	0.9;
	104	1	6.4281596	-0.1	0	0	3	1.1409	-34.1986	200	1	1.1	0.9;
	105	1	1.87234758	0	0	0	3	1.14016	-34.5836	200	1	1.1	0.9;
	106	1	61.9440834	14	0	0	2	1.04927	-49.5273	500	1	1.1	0.9;
	107	1	12.99657	-329	0	-327	2	1.05934	-48.6051	500	1	1.1	0.9;
	108	1	181.764978	32.6	0	-130	2	1.16705	-51.443	200	1	1.1	0.9;
	109	1	9.35005033	21.5	0	0	2	1.04639	-49.7921	500	1	1.1	0.9;
	110	1	0	61.5	0	0	3	1.03727	-31.0686	500	1	1.1	0.9;
	111	2	23.3751258	0	0	0	3	1.02	-15.0791	20	1	1.1	0.9;
	112	1	34.5951862	0	0	-128	3	1.12385	-25.1402	200	1	1.1	0.9;
	113	1	0	0	0	-91	3	1.03454	-27.9316	500	1	1.1	0.9;
	114	1	0	118.5	0	-91	3	1.01342	-32.0699	500	1	1.1	0.9;
	115	2	23.3751258	0	0	0	3	1.05	-35.685	20	1	1.1	0.9;
	116	1	206.636112	54.8	0	-32	3	1.12744	-39.6332	200	1	1.1	0.9;
	117	2	23.3751258	0	0	0	3	1	-30.7816	20	1	1.1	0.9;
	118	1	1323.26587	3491	0	1500	3	0.99816	-38.9938	500	1	1.1	0.9;
	119	1	0	0	0	0	3	1.05026	-24.0934	500	1	1.1	0.9;
	120	1	0	0	0	0	3	1.01142	-38.0294	500	1	1.1	0.9;
	121	1	0	0	0	0	3	1.02786	-30.7891	500	1	1.1	0.9;
	122	1	0	0	0	0	3	0.98098	-46.599	500	1	1.1	0.9;
	123	1	0	0	0	0	3	1.04054	-22.0273	500	1	1.1	0.9;
	124	1	0	0	0	0	3	1.01079	-36.1445	500	1	1.1	0.9;
	125	1	0	0	0	0	3	1.04054	-22.0273	500	1	1.1	0.9;
	126	1	0	0	0	0	3	1.01079	-36.1445	500	1	1.1	0.9;
	127	1	0	0	0	0	3	1.01257	-25.8067	500	1	1.1	0.9;
	128	1	0	0	0	0	3	0.99882	-45.3405	500	1	1.1	0.9;
	129	1	0	0	0	0	3	1.01755	-27.3173	500	1	1.1	0.9;
	130	1	0	0	0	0	3	0.99876	-41.4218	500	1	1.1	0.9;
	131	1	0	0	0	0	2	0.97999	-36.9419	500	1	1.1	0.9;
	132	1	0	0	0	0	2	1.07047	-51.701	500	1	1.1	0.9;
	133	1	0	0	0	0	2	0.97141	-35.059	500	1	1.1	0.9;
	134	1	0	0	0	0	2	1.06807	-49.9922	500	1	1.1	0.9;
	135	1	200.091077	19.6	0	0	2	1.03539	-43.5212	500	1	1.1	0.9;
	136	1	40.9064702	18	0	0	2	1.0101	-52.7598	230	1	1.1	0.9;
	137	2	23.3751258	0	0	0	2	1.02	-25.9732	20	1	1.1	0.9;
	138	1	210.91376	-11.4	0	-319	2	1.05122	-33.0947	500	1	1.1	0.9;
	139	2	23.3751258	0	0	0	2	1.02	-49.6246	20	1	1.1	0.9;
	140	1	745.900265	630	0	0	2	1.01186	-55.7741	230	1	1.1	0.9;
	141	1	47.7320069	-28.2	0	0	2	1.05498	-46.0893	500	1	1.1	0.9;
	142	1	88.2177249	64.5	0	0	2	1.00705	-55.0594	230	1	1.1	0.9;
	143	2	23.3751258	0	0	0	2	1.05	-45.4414	20	1	1.1	0.9;
	144	1	724.161398	1189	0	400	2	1.04087	-49.6789	500	1	1.1	0.9;
	145	1	0	0	0	0	2	1.03821	-50.1247	230	1	1.1	0.9;
	146	1	0	0	0	-196	2	1.06999	-29.3603	500	1	1.1	0.9;
