% Case saved by PowerWorld Simulator, version 23, build date August 27, 2023
function mpc = Hawaii40_20231026
mpc.version = '2';
mpc.baseMVA =  100.00;

%% bus data 
mpc.bus = [
1	1	0.00	0.00	0.00	0.00	1	0.9935453	-1.119907	138.00	1	1.100	0.900	5.22	0.00	0	0
2	2	60.70	0.00	0.00	0.00	1	0.9912250	-3.927372	69.00	1	1.100	0.900	5.25	0.00	0	0
3	1	59.39	0.00	0.00	0.00	1	0.9845477	-4.731145	69.00	1	1.100	0.900	5.71	-0.03	0	0
4	1	22.47	0.00	0.00	0.00	1	0.9787999	-5.745870	69.00	1	1.100	0.900	5.42	-0.01	0	0
5	1	0.00	0.00	0.00	0.00	1	0.9889847	-2.069792	138.00	1	1.100	0.900	5.28	0.00	0	0
6	1	27.46	0.00	0.00	0.00	1	0.9812064	-5.528160	69.00	1	1.100	0.900	5.49	-0.00	0	0
7	1	37.01	0.00	0.00	0.00	1	0.9805826	-5.671337	69.00	1	1.100	0.900	5.48	-0.00	0	0
8	1	65.10	0.00	0.00	0.00	1	0.9786187	-5.702381	69.00	1	1.100	0.900	5.75	-0.03	0	0
9	1	0.00	0.00	0.00	0.00	1	0.9867678	-2.548359	138.00	1	1.100	0.900	5.31	-0.00	0	0
10	1	37.76	0.00	0.00	0.00	1	0.9809410	-5.651960	69.00	1	1.100	0.900	5.47	0.00	0	0
11	1	65.55	0.00	0.00	0.00	1	0.9749115	-6.522955	69.00	1	1.100	0.900	5.50	0.00	0	0
12	1	54.01	0.00	0.00	0.00	1	0.9773269	-6.198354	69.00	1	1.100	0.900	5.51	-0.00	0	0
13	1	59.24	0.00	0.00	0.00	1	0.9789530	-6.094816	69.00	1	1.100	0.900	5.49	-0.00	0	0
14	1	0.00	0.00	0.00	0.00	1	0.9837641	-3.136205	138.00	1	1.100	0.900	5.35	-0.00	0	0
15	1	60.90	0.00	0.00	0.00	1	0.9786311	-6.029763	69.00	1	1.100	0.900	5.51	0.01	0	0
16	1	23.83	0.00	0.00	32.00	1	0.9821866	-6.456032	69.00	1	1.100	0.900	5.56	-0.01	0	0
17	1	12.04	0.00	0.00	0.00	1	0.9754957	-6.981904	69.00	1	1.100	0.900	5.53	-0.01	0	0
18	1	36.32	0.00	0.00	0.00	1	0.9759604	-7.121150	69.00	1	1.100	0.900	5.55	-0.01	0	0
19	1	48.60	0.00	0.00	0.00	1	0.9913040	-3.514221	69.00	1	1.100	0.900	5.89	-0.04	0	0
20	1	64.95	0.00	0.00	0.00	1	0.9896603	-1.963951	69.00	1	1.100	0.900	7.07	-0.18	0	0
21	1	48.34	0.00	0.00	0.00	1	0.9799422	-5.268157	69.00	1	1.100	0.900	5.54	-0.01	0	0
22	1	0.00	0.00	0.00	0.00	1	0.9963974	-0.844548	138.00	1	1.100	0.900	5.19	0.00	0	0
23	3	86.75	0.00	0.00	0.00	1	1.0000000	-2.106015	69.00	1	1.100	0.900	5.10	0.00	0	0
24	1	46.58	0.00	0.00	0.00	1	0.9934020	-3.706851	69.00	1	1.100	0.900	4.59	-0.05	0	0
25	1	0.00	0.00	0.00	0.00	1	0.9966141	-0.528763	138.00	1	1.100	0.900	5.20	0.00	0	0
26	2	75.28	0.00	0.00	0.00	1	0.9951046	-3.596866	69.00	1	1.100	0.900	4.93	-0.02	0	0
27	2	3.95	0.00	0.00	0.00	1	1.0034164	1.362694	69.00	1	1.100	0.900	7.78	-0.10	0	0
28	2	8.82	0.00	0.00	0.00	1	1.0000000	0.234055	69.00	1	1.100	0.900	0.00	0.00	0	0
29	1	7.70	0.00	0.00	0.00	1	0.9953834	-0.097274	69.00	1	1.100	0.900	7.84	-0.12	0	0
30	1	49.03	0.00	0.00	0.00	1	0.9957983	-0.422344	69.00	1	1.100	0.900	8.14	-0.10	0	0
31	1	9.62	0.00	0.00	0.00	1	0.9952150	-2.101776	69.00	1	1.100	0.900	2.58	0.08	0	0
32	1	6.67	0.00	0.00	0.00	1	0.9912167	-1.321157	69.00	1	1.100	0.900	7.37	-0.16	0	0
33	2	58.22	0.00	0.00	0.00	1	0.9956520	-3.050368	69.00	1	1.100	0.900	4.14	-0.01	0	0
34	2	0.00	0.00	0.00	0.00	1	1.0000000	-2.084231	69.00	1	1.100	0.900	4.62	0.00	0	0
35	2	0.00	0.00	0.00	0.00	1	1.0000000	0.376390	138.00	1	1.100	0.900	5.20	0.00	0	0
36	2	0.00	0.00	0.00	0.00	1	0.9965724	-3.565242	69.00	1	1.100	0.900	4.59	-0.05	0	0
37	2	0.00	0.00	0.00	0.00	1	1.0000000	0.251430	138.00	1	1.100	0.900	5.20	0.00	0	0
];

%% generator data 
mpc.gen = [
2	2.50	0.80	0.80	-0.50	1.0000	2.80	1	2.50	1.00	0.00	0.00	0.00	0.00	0.00	0.00	0	0	0	0	0.0000	0	0	0	0
2	2.50	0.80	0.80	-0.50	1.0000	2.80	1	2.50	1.00	0.00	0.00	0.00	0.00	0.00	0.00	0	0	0	0	0.0000	0	0	0	0
2	2.50	0.80	0.80	-0.50	1.0000	2.80	1	2.50	1.00	0.00	0.00	0.00	0.00	0.00	0.00	0	0	0	0	0.0000	0	0	0	0
2	2.50	0.80	0.80	-0.50	1.0000	2.80	1	2.50	1.00	0.00	0.00	0.00	0.00	0.00	0.00	0	0	0	0	0.0000	0	0	0	0
23	69.27	0.04	23.30	-14.00	1.0000	85.60	1	77.80	20.00	0.00	0.00	0.00	0.00	0.00	0.00	0	0	0	0	0.0000	0	0	0	0
23	39.13	0.04	13.80	-8.30	1.0000	50.50	1	45.90	0.00	0.00	0.00	0.00	0.00	0.00	0.00	0	0	0	0	0.0000	0	0	0	0
23	69.27	0.04	23.30	-14.00	1.0000	85.60	1	77.80	20.00	0.00	0.00	0.00	0.00	0.00	0.00	0	0	0	0	0.0000	0	0	0	0
23	47.64	0.04	15.60	-9.40	1.0000	57.10	1	51.90	23.00	0.00	0.00	0.00	0.00	0.00	0.00	0	0	0	0	0.0000	0	0	0	0
23	47.11	0.04	15.50	-9.30	1.0000	57.00	1	51.80	20.00	0.00	0.00	0.00	0.00	0.00	0.00	0	0	0	0	0.0000	0	0	0	0
23	44.53	0.04	15.40	-9.20	1.0000	56.30	1	51.20	6.00	0.00	0.00	0.00	0.00	0.00	0.00	0	0	0	0	0.0000	0	0	0	0
23	44.53	0.04	15.40	-9.20	1.0000	56.30	1	51.20	6.00	0.00	0.00	0.00	0.00	0.00	0.00	0	0	0	0	0.0000	0	0	0	0
23	43.61	0.04	14.30	-8.60	1.0000	52.50	1	47.70	20.00	0.00	0.00	0.00	0.00	0.00	0.00	0	0	0	0	0.0000	0	0	0	0
23	43.19	0.04	14.20	-8.50	1.0000	51.90	1	47.20	20.00	0.00	0.00	0.00	0.00	0.00	0.00	0	0	0	0	0.0000	0	0	0	0
23	12.53	0.04	4.40	-2.60	1.0000	16.20	1	14.70	0.00	0.00	0.00	0.00	0.00	0.00	0.00	0	0	0	0	0.0000	0	0	0	0
26	20.00	6.00	6.00	-3.60	1.0000	22.00	1	20.00	0.00	0.00	0.00	0.00	0.00	0.00	0.00	0	0	0	0	0.0000	0	0	0	0
26	10.20	3.10	3.10	-1.90	1.0000	11.20	1	10.20	0.00	0.00	0.00	0.00	0.00	0.00	0.00	0	0	0	0	0.0000	0	0	0	0
27	30.00	-5.40	9.00	-5.40	1.0000	33.00	1	30.00	0.00	0.00	0.00	0.00	0.00	0.00	0.00	0	0	0	0	0.0000	0	0	0	0
27	27.60	-5.00	8.30	-5.00	1.0000	30.40	1	27.60	1.00	0.00	0.00	0.00	0.00	0.00	0.00	0	0	0	0	0.0000	0	0	0	0
28	46.30	-5.49	14.70	-8.80	1.0000	53.90	1	49.00	0.00	0.00	0.00	0.00	0.00	0.00	0.00	0	0	0	0	0.0000	0	0	0	0
28	69.00	-5.49	20.70	-12.40	1.0000	75.90	1	69.00	0.00	0.00	0.00	0.00	0.00	0.00	0.00	0	0	0	0	0.0000	0	0	0	0
33	27.60	8.30	8.30	-5.00	1.0000	30.40	1	27.60	0.00	0.00	0.00	0.00	0.00	0.00	0.00	0	0	0	0	0.0000	0	0	0	0
34	7.22	-0.98	2.50	-1.50	1.0000	9.20	1	8.40	2.50	0.00	0.00	0.00	0.00	0.00	0.00	0	0	0	0	0.0000	0	0	0	0
34	6.04	-0.98	2.50	-1.50	1.0000	9.20	1	8.40	2.50	0.00	0.00	0.00	0.00	0.00	0.00	0	0	0	0	0.0000	0	0	0	0
34	6.04	-0.98	2.50	-1.50	1.0000	9.20	1	8.40	2.50	0.00	0.00	0.00	0.00	0.00	0.00	0	0	0	0	0.0000	0	0	0	0
34	6.04	-0.98	2.50	-1.50	1.0000	9.20	1	8.40	2.50	0.00	0.00	0.00	0.00	0.00	0.00	0	0	0	0	0.0000	0	0	0	0
34	6.01	-0.98	2.50	-1.50	1.0000	9.20	1	8.40	2.50	0.00	0.00	0.00	0.00	0.00	0.00	0	0	0	0	0.0000	0	0	0	0
34	7.22	-0.98	2.50	-1.50	1.0000	9.20	1	8.40	2.50	0.00	0.00	0.00	0.00	0.00	0.00	0	0	0	0	0.0000	0	0	0	0
35	58.00	0.05	17.40	-10.40	1.0000	63.80	1	58.00	5.00	0.00	0.00	0.00	0.00	0.00	0.00	0	0	0	0	0.0000	0	0	0	0
35	28.00	0.05	8.40	-5.00	1.0000	30.80	1	28.00	5.00	0.00	0.00	0.00	0.00	0.00	0.00	0	0	0	0	0.0000	0	0	0	0
35	0.00	0.00	54.00	-32.40	1.0000	198.00	0	180.00	63.00	0.00	0.00	0.00	0.00	0.00	0.00	0	0	0	0	0.0000	0	0	0	0
35	20.00	0.05	6.00	-3.60	1.0000	22.00	1	20.00	5.00	0.00	0.00	0.00	0.00	0.00	0.00	0	0	0	0	0.0000	0	0	0	0
35	67.00	0.05	25.50	-15.30	1.0000	93.50	1	85.00	40.00	0.00	0.00	0.00	0.00	0.00	0.00	0	0	0	0	0.0000	0	0	0	0
35	0.00	0.00	25.50	-15.30	1.0000	93.50	0	85.00	40.00	0.00	0.00	0.00	0.00	0.00	0.00	0	0	0	0	0.0000	0	0	0	0
35	50.00	0.05	15.00	-9.00	1.0000	55.00	1	50.00	10.00	0.00	0.00	0.00	0.00	0.00	0.00	0	0	0	0	0.0000	0	0	0	0
35	56.20	0.05	33.90	-20.30	1.0000	124.30	1	113.00	42.00	0.00	0.00	0.00	0.00	0.00	0.00	0	0	0	0	0.0000	0	0	0	0
36	2.00	1.00	1.00	-0.60	1.0000	3.50	1	3.20	2.00	0.00	0.00	0.00	0.00	0.00	0.00	0	0	0	0	0.0000	0	0	0	0
36	2.10	1.00	1.00	-0.60	1.0000	3.50	1	3.20	2.00	0.00	0.00	0.00	0.00	0.00	0.00	0	0	0	0	0.0000	0	0	0	0
36	2.00	1.00	1.00	-0.60	1.0000	3.50	1	3.20	2.00	0.00	0.00	0.00	0.00	0.00	0.00	0	0	0	0	0.0000	0	0	0	0
36	2.48	1.00	1.00	-0.60	1.0000	3.50	1	3.20	2.00	0.00	0.00	0.00	0.00	0.00	0.00	0	0	0	0	0.0000	0	0	0	0
37	0.00	0.00	38.60	-23.20	1.0000	141.60	0	128.70	45.00	0.00	0.00	0.00	0.00	0.00	0.00	0	0	0	0	0.0000	0	0	0	0
37	0.00	0.00	38.40	-23.00	1.0000	140.90	0	128.10	55.00	0.00	0.00	0.00	0.00	0.00	0.00	0	0	0	0	0.0000	0	0	0	0
37	58.32	5.63	26.20	-15.70	1.0000	95.90	1	87.20	20.00	0.00	0.00	0.00	0.00	0.00	0.00	0	0	0	0	0.0000	0	0	0	0
37	0.00	0.00	24.60	-14.80	1.0000	90.30	0	82.10	20.00	0.00	0.00	0.00	0.00	0.00	0.00	0	0	0	0	0.0000	0	0	0	0
37	68.48	5.63	23.40	-14.00	1.0000	85.90	1	78.10	30.00	0.00	0.00	0.00	0.00	0.00	0.00	0	0	0	0	0.0000	0	0	0	0
