function mpc = case123_DG2
%CASE33d    Power system data for 123 bus radial distribution systm.
%% MATPOWER Case Format : Version 2
mpc.version = '2';
%%-----  Power Flow Data  -----%%
%% system MVA base
mpc.baseMVA = 10;
%% bus data
%	bus_i	type	Pd	Qd	Gs	Bs	area	Vm	Va	baseKV	zone	Vmax	Vmin
mpc.bus = [
                1	3	0	0	0	0	1	1	0	4.16	1	1.05	0.95
                2	1	0.04	0.02	0	0	1	1	0	4.16	1	1.05	0.95
                3	1	0.02	0.01	0	0	1	1	0	4.16	1	1.05	0.95
                4	1	0	0	0	0	1	1	0	4.16	1	1.05	0.95
                5	1	0.04	0.02	0	0	1	1	0	4.16	1	1.05	0.95
                6	1	0.02	0.01	0	0	1	1	0	4.16	1	1.05	0.95
                7	1	0.04	0.02	0	0	1	1	0	4.16	1	1.05	0.95
                8	1	0.02	0.01	0	0	1	1	0	4.16	1	1.05	0.95
                9	1	0	0	0	0	1	1	0	4.16	1	1.05	0.95
                10	1	0.04	0.02	0	0	1	1	0	4.16	1	1.05	0.95
                11	1	0.02	0.01	0	0	1	1	0	4.16	1	1.05	0.95
                12	1	0.04	0.02	0	0	1	1	0	4.16	1	1.05	0.95
                13	1	0.02	0.01	0	0	1	1	0	4.16	1	1.05	0.95
                14	1	0	0	0	0	1	1	0	4.16	1	1.05	0.95
                15	1	0	0	0	0	1	1	0	4.16	1	1.05	0.95
                16	1	0	0	0	0	1	1	0	4.16	1	1.05	0.95
                17	1	0.04	0.02	0	0	1	1	0	4.16	1	1.05	0.95
                18	1	0.02	0.01	0	0	1	1	0	4.16	1	1.05	0.95
                19	1	0	0	0	0	1	1	0	4.16	1	1.05	0.95
                20	1	0.04	0.02	0	0	1	1	0	4.16	1	1.05	0.95
                21	1	0.04	0.02	0	0	1	1	0	4.16	1	1.05	0.95
                22	1	0	0	0	0	1	1	0	4.16	1	1.05	0.95
                23	1	0.04	0.02	0	0	1	1	0	4.16	1	1.05	0.95
                24	1	0	0	0	0	1	1	0	4.16	1	1.05	0.95
                25	1	0.04	0.02	0	0	1	1	0	4.16	1	1.05	0.95
                26	1	0	0	0	0	1	1	0	4.16	1	1.05	0.95
                27	1	0	0	0	0	1	1	0	4.16	1	1.05	0.95
                28	1	0	0	0	0	1	1	0	4.16	1	1.05	0.95
                29	1	0.04	0.02	0	0	1	1	0	4.16	1	1.05	0.95
                30	1	0.04	0.02	0	0	1	1	0	4.16	1	1.05	0.95
                31	1	0.04	0.02	0	0	1	1	0	4.16	1	1.05	0.95
                32	1	0.02	0.01	0	0	1	1	0	4.16	1	1.05	0.95
                33	1	0.02	0.01	0	0	1	1	0	4.16	1	1.05	0.95
                34	1	0.04	0.02	0	0	1	1	0	4.16	1	1.05	0.95
                35	1	0.04	0.02	0	0	1	1	0	4.16	1	1.05	0.95
                36	1	0.04	0.02	0	0	1	1	0	4.16	1	1.05	0.95
                37	1	0	0	0	0	1	1	0	4.16	1	1.05	0.95
                38	1	0.04	0.02	0	0	1	1	0	4.16	1	1.05	0.95
                39	1	0.02	0.01	0	0	1	1	0	4.16	1	1.05	0.95
                40	1	0.02	0.01	0	0	1	1	0	4.16	1	1.05	0.95
                41	1	0	0	0	0	1	1	0	4.16	1	1.05	0.95
                42	1	0.02	0.01	0	0	1	1	0	4.16	1	1.05	0.95
                43	1	0.02	0.01	0	0	1	1	0	4.16	1	1.05	0.95
                44	1	0.04	0.02	0	0	1	1	0	4.16	1	1.05	0.95
                45	1	0	0	0	0	1	1	0	4.16	1	1.05	0.95
                46	1	0.02	0.01	0	0	1	1	0	4.16	1	1.05	0.95
                47	1	0.02	0.01	0	0	1	1	0	4.16	1	1.05	0.95
                48	1	0.105	0.075	0	0	1	1	0	4.16	1	1.05	0.95
                49	1	0.21	0.15	0	0	1	1	0	4.16	1	1.05	0.95
                50	1	0.14	0.095	0	0	1	1	0	4.16	1	1.05	0.95
                51	1	0.04	0.02	0	0	1	1	0	4.16	1	1.05	0.95
                52	1	0.02	0.01	0	0	1	1	0	4.16	1	1.05	0.95
                53	1	0.04	0.02	0	0	1	1	0	4.16	1	1.05	0.95
                54	1	0.04	0.02	0	0	1	1	0	4.16	1	1.05	0.95
                55	1	0	0	0	0	1	1	0	4.16	1	1.05	0.95
                56	1	0.02	0.01	0	0	1	1	0	4.16	1	1.05	0.95
                57	1	0.02	0.01	0	0	1	1	0	4.16	1	1.05	0.95
                58	1	0	0	0	0	1	1	0	4.16	1	1.05	0.95
                59	1	0.02	0.01	0	0	1	1	0	4.16	1	1.05	0.95
                60	1	0.02	0.01	0	0	1	1	0	4.16	1	1.05	0.95
                61	1	0.02	0.01	0	0	1	1	0	4.16	1	1.05	0.95
                62	1	0.02	0.01	0	0	1	1	0	4.16	1	1.05	0.95
                63	1	0.04	0.02	0	0	1	1	0	4.16	1	1.05	0.95
                64	1	0.04	0.02	0	0	1	1	0	4.16	1	1.05	0.95
                65	1	0.075	0.035	0	0	1	1	0	4.16	1	1.05	0.95
                66	1	0.14	0.1	0	0	1	1	0	4.16	1	1.05	0.95
                67	1	0.075	0.035	0	0	1	1	0	4.16	1	1.05	0.95
                68	1	0	0	0	0	1	1	0	4.16	1	1.05	0.95
                69	1	0.02	0.01	0	0	1	1	0	4.16	1	1.05	0.95
                70	1	0.04	0.02	0	0	1	1	0	4.16	1	1.05	0.95
                71	1	0.02	0.01	0	0	1	1	0	4.16	1	1.05	0.95
                72	1	0.04	0.02	0	0	1	1	0	4.16	1	1.05	0.95
                73	1	0	0	0	0	1	1	0	4.16	1	1.05	0.95
                74	1	0.04	0.02	0	0	1	1	0	4.16	1	1.05	0.95
                75	1	0.04	0.02	0	0	1	1	0	4.16	1	1.05	0.95
                76	1	0.04	0.02	0	0	1	1	0	4.16	1	1.05	0.95
                77	1	0.245	0.18	0	0	1	1	0	4.16	1	1.05	0.95
                78	1	0.06	0.03	0	0	1	1	0	4.16	1	1.05	0.95
                79	1	0	0	0	0	1	1	0	4.16	1	1.05	0.95
                80	1	0.04	0.02	0	0	1	1	0	4.16	1	1.05	0.95
                81	1	0.04	0.02	0	0	1	1	0	4.16	1	1.05	0.95
                82	1	0	0	0	0	1	1	0	4.16	1	1.05	0.95
                83	1	0.04	0.02	0	0	1	1	0	4.16	1	1.05	0.95
                84	1	0.02	0.01	0	0	1	1	0	4.16	1	1.05	0.95
                85	1	0.02	0.01	0	0	1	1	0	4.16	1	1.05	0.95
                86	1	0.04	0.02	0	0	1	1	0	4.16	1	1.05	0.95
                87	1	0.02	0.01	0	0	1	1	0	4.16	1	1.05	0.95
                88	1	0.04	0.02	0	0	1	1	0	4.16	1	1.05	0.95
                89	1	0.04	0.02	0	0	1	1	0	4.16	1	1.05	0.95
                90	1	0	0	0	0	1	1	0	4.16	1	1.05	0.95
                91	1	0.04	0.02	0	0	1	1	0	4.16	1	1.05	0.95
                92	1	0	0	0	0	1	1	0	4.16	1	1.05	0.95
                93	1	0.04	0.02	0	0	1	1	0	4.16	1	1.05	0.95
                94	1	0	0	0	0	1	1	0	4.16	1	1.05	0.95
                95	1	0.04	0.02	0	0	1	1	0	4.16	1	1.05	0.95
                96	1	0.02	0.01	0	0	1	1	0	4.16	1	1.05	0.95
                97	1	0.02	0.01	0	0	1	1	0	4.16	1	1.05	0.95
                98	1	0	0	0	0	1	1	0	4.16	1	1.05	0.95
                99	1	0.04	0.02	0	0	1	1	0	4.16	1	1.05	0.95
                100	1	0.04	0.02	0	0	1	1	0	4.16	1	1.05	0.95
                101	1	0.04	0.02	0	0	1	1	0	4.16	1	1.05	0.95
                102	1	0	0	0	0	1	1	0	4.16	1	1.05	0.95
                103	1	0.02	0.01	0	0	1	1	0	4.16	1	1.05	0.95
                104	1	0.04	0.02	0	0	1	1	0	4.16	1	1.05	0.95
                105	1	0.04	0.02	0	0	1	1	0	4.16	1	1.05	0.95
                106	1	0	0	0	0	1	1	0	4.16	1	1.05	0.95
                107	1	0.04	0.02	0	0	1	1	0	4.16	1	1.05	0.95
                108	1	0.04	0.02	0	0	1	1	0	4.16	1	1.05	0.95
                109	1	0	0	0	0	1	1	0	4.16	1	1.05	0.95
                110	1	0.04	0.02	0	0	1	1	0	4.16	1	1.05	0.95
                111	1	0	0	0	0	1	1	0	4.16	1	1.05	0.95
                112	1	0.02	0.01	0	0	1	1	0	4.16	1	1.05	0.95
                113	1	0.02	0.01	0	0	1	1	0	4.16	1	1.05	0.95
                114	1	0.04	0.02	0	0	1	1	0	4.16	1	1.05	0.95
                115	1	0.02	0.01	0	0	1	1	0	4.16	1	1.05	0.95
                116	1	0	0	0	0	1	1	0	4.16	1	1.05	0.95
                117	1	0	0	0	0	1	1	0	4.16	1	1.05	0.95
            ];


%% generator data
%	bus	Pg	Qg	Qmax	Qmin	Vg	mBase	status	Pmax	Pmin	Pc1	Pc2	Qc1min	Qc1max	Qc2min	Qc2max	ramp_agc	ramp_10	ramp_30	ramp_q	apf
mpc.gen = [
	35	0.2	0.1	0.1	-0.1	  1	100	1	0.2	0	0	0	0	0	0	0	0	0	0	0	0;
        67	0.2	0.1	0.1	-0.1      1	100	1	0.2	0	0	0	0	0	0	0	0	0	0	0	0;
        1	50	0	50	-50       1	100	1	50	0	0	0	0	0	0	0	0	0	0	0	0;
        18	0.2	0.1	0.1	-0.1      1	100	1	0.2	0	0	0	0	0	0	0	0	0	0	0	0;
        27	0.2	0.1	0.1	-0.1      1	100	1	0.2	0	0	0	0	0	0	0	0	0	0	0	0;
	47	0.2	0.1	0.1	-0.1      1	100	1	0.2	0	0	0	0	0	0	0	0	0	0	0	0;
	57	0.2	0.1	0.1	-0.1      1	100	1	0.2	0	0	0	0	0	0	0	0	0	0	0	0;
	64	0.2	0.1	0.1	-0.1      1	100	1	0.2	0	0	0	0	0	0	0	0	0	0	0	0;
	76	0.2	0.1	0.1	-0.1      1	100	1	0.2	0	0	0	0	0	0	0	0	0	0	0	0;
	105	0.2	0.1	0.1	-0.1      1	100	1	0.2	0	0	0	0	0	0	0	0	0	0	0	0;
	114	0.2	0.1	0.1	-0.1      1	100	1	0.2	0	0	0	0	0	0	0	0	0	0	0	0;
];
